local TweenService = game:GetService("TweenService")
local MakeTween = function(timetack,easingstyle,easingdirection,repeats,flipflop)
	local newtween = TweenInfo.new(
		timetack, 
		easingstyle, 
		easingdirection, 
		repeats, 
		flipflop, 
		0 
	)
	return newtween
end
local mouse = game.Players.LocalPlayer:GetMouse()
HumanDied = false
local CountFESync = 1
local TextFunc = function(FunneeText)
	if HumanDied == false then
	function sandbox(var,func)
		local env = getfenv(func)
		local newenv = setmetatable({},{
			__index = function(self,k)
				if k=="script" then
					return var
				else
					return env[k]
				end
			end,
		})
		setfenv(func,newenv)
		return func
	end
	cors = {}
	mas = Instance.new("Model",game:GetService("Lighting"))
	ScreenGui0 = Instance.new("ScreenGui")
	Frame1 = Instance.new("Frame")
	TextLabel2 = Instance.new("TextLabel")
	ScreenGui0.Name = "SmugMessageLOL"
	ScreenGui0.Parent = mas
	ScreenGui0.ZIndexBehavior = Enum.ZIndexBehavior.Sibling
	Frame1.Name = "frem"
	Frame1.Parent = ScreenGui0
	Frame1.Position = UDim2.new(0.349999994, 0, 0, 0)
	Frame1.Size = UDim2.new(0.300000012, 0, 0.200000003, 0)
	Frame1.BackgroundColor = BrickColor.new("Dark grey metallic")
	Frame1.BackgroundColor3 = Color3.new(0.333333, 0.333333, 0.333333)
	Frame1.BackgroundTransparency = 0.30000001192093
	TextLabel2.Parent = Frame1
	TextLabel2.Size = UDim2.new(1, 0, 1, 0)
	TextLabel2.BackgroundColor = BrickColor.new("Institutional white")
	TextLabel2.BackgroundColor3 = Color3.new(1, 1, 1)
	TextLabel2.BackgroundTransparency = 1
	TextLabel2.Font = Enum.Font.Cartoon
	TextLabel2.FontSize = Enum.FontSize.Size14
	TextLabel2.Text = ""
	TextLabel2.TextColor = BrickColor.new("Really red")
	TextLabel2.TextColor3 = Color3.new(1, 0, 0.0156863)
	TextLabel2.TextScaled = true
	TextLabel2.TextSize = 14
	TextLabel2.TextStrokeTransparency = 0
	TextLabel2.TextWrap = true
	TextLabel2.TextWrapped = true
	TextLabel2.TextXAlignment = Enum.TextXAlignment.Left
	TextLabel2.TextYAlignment = Enum.TextYAlignment.Top
	for i,v in pairs(mas:GetChildren()) do
		v.Parent = script
		pcall(function() v:MakeJoints() end)
	end
	mas:Destroy()
	for i,v in pairs(cors) do
		spawn(function()
			pcall(v)
		end)
	end
	spawn(function()
		local text = TextLabel2
		local add = 10
		local k = 1
		while k <= 255 do
			text.TextColor3 = Color3.new(k/255,0/255,0/255)
			k = k + add
			wait()
		end
		while true do
			k = 1
			while k <= 255 do
				text.TextColor3 = Color3.new(255/255,k/255,0/255)
				k = k + add
				wait()
			end
			k = 1
			while k <= 255 do
				text.TextColor3 = Color3.new(255/255 - k/255,255/255,0/255)
				k = k + add
				wait()
			end
			k = 1
			while k <= 255 do
				text.TextColor3 = Color3.new(0/255,255/255,k/255)
				k = k + add
				wait()
			end
			k = 1
			while k <= 255 do
				text.TextColor3 = Color3.new(0/255,255/255 - k/255,255/255)
				k = k + add
				wait()
			end
			k = 1
			while k <= 255 do
				text.TextColor3 = Color3.new(k/255,0/255,255/255)
				k = k + add
				wait()
			end
			k = 1
			while k <= 255 do
				text.TextColor3 = Color3.new(255/255,0/255,255/255 - k/255)
				k = k + add
				wait()
			end
			while k <= 255 do
				text.TextColor3 = Color3.new(255/255 - k/255,0/255,0/255)
				k = k + add
				wait()
			end
		end
	end)
	ScreenGui0.Parent = game.Players.LocalPlayer.PlayerGui
	for i=1, string.len(FunneeText) do
		wait(0.004)
		TextLabel2.Text = TextLabel2.Text..string.sub(FunneeText,i,i)
	end
	wait(1)
	local twen = MakeTween(3,Enum.EasingStyle.Cubic,Enum.EasingDirection.Out,0,false)
	local tween = TweenService:Create(Frame1, twen, {Position = UDim2.new(2, 0, 0, 0) , Rotation = 600})
	tween:Play()
	wait(3)
	ScreenGui0:Destroy()
	return 
	end
	end
function FESync(Part0,Part1,Position,Angle)
	local AlignPos = Instance.new('AlignPosition', Part0)
	AlignPos.ApplyAtCenterOfMass = true;
	AlignPos.MaxForce = 5772000--67752;
	AlignPos.MaxVelocity = math.huge/9e110;
	AlignPos.ReactionForceEnabled = false;
	AlignPos.Responsiveness = 200;
	AlignPos.RigidityEnabled = false;
	local AlignOri = Instance.new('AlignOrientation', Part0)
	AlignOri.MaxAngularVelocity = math.huge/9e110;
	AlignOri.MaxTorque = 5772000
	AlignOri.PrimaryAxisOnly = false;
	AlignOri.ReactionTorqueEnabled = false;
	AlignOri.Responsiveness = 200;
	AlignOri.RigidityEnabled = false;
	local AttachmentA=Instance.new('Attachment',Part1)
	local AttachmentB=Instance.new('Attachment',Part0)
	AttachmentA.Orientation = Angle or Vector3.new(0,0,0)
	AttachmentA.Position = Position or Vector3.new(0,0,0)
	AlignPos.Attachment1 = AttachmentA;
	AlignPos.Attachment0 = AttachmentB;
	AlignOri.Attachment1 = AttachmentA;
	AlignOri.Attachment0 = AttachmentB;
	CountFESync = CountFESync + 1
	return {AlignPos,AlignOri,AttachmentA,AttachmentB}
end

if game.Players.LocalPlayer.Character:FindFirstChildWhichIsA("Humanoid").RigType == Enum.HumanoidRigType.R15 then
	local text = TextFunc("Bruh moment :Flushed:") 
	local yes = TextFunc("You arent using R6 so this script literally wont work..")
	script:Destroy()
end
game:FindFirstChildOfClass("Players").LocalPlayer["Character"].Archivable = true
local hatnameclone = {}
for _,v in next, game:FindFirstChildOfClass("Players").LocalPlayer["Character"]:GetChildren() do
	if v:IsA("Accessory") then
		if hatnameclone[v.Name] then
			if hatnameclone[v.Name] == "s" then
				hatnameclone[v.Name] = {}
			end
			table.insert(hatnameclone[v.Name],v)
		else
			hatnameclone[v.Name] = "s"
		end
	end
end
for _,v in pairs(hatnameclone) do
	if type(v) == "table" then
		local num = 1
		for _,w in pairs(v) do
			w.Name = w.Name..num
			num = num + 1
		end
	end
end
hatnameclone = nil

local DeadChar = game:FindFirstChildOfClass("Players").LocalPlayer.Character

local fldr = Instance.new("Folder",game:FindFirstChildOfClass("Players").LocalPlayer["Character"])
fldr.Name = "FEClone"
local CloneChar = DeadChar:Clone()
local ANIMATIONHERE
if CloneChar:FindFirstChild("Animate") then
	ANIMATIONHERE = CloneChar:FindFirstChild("Animate"):Clone()
	CloneChar:FindFirstChild("Animate"):Destroy()
end
if CloneChar:FindFirstChildOfClass("Folder") then CloneChar:FindFirstChildOfClass("Folder"):Destroy() end
if CloneChar.Torso:FindFirstChild("Neck") then
	local Clonessss = CloneChar.Torso:FindFirstChild("Neck"):Clone()
	Clonessss.Part0 = nil
	Clonessss.Part1 = DeadChar.Head
	Clonessss.Parent = DeadChar.Torso
end
CloneChar.Parent = fldr
CloneChar.HumanoidRootPart.CFrame = DeadChar.HumanoidRootPart.CFrame
CloneChar.Humanoid.BreakJointsOnDeath = false
CloneChar.Name = "non"
CloneChar.Humanoid.DisplayDistanceType = "None"

for _,v in next, DeadChar:GetChildren() do
	if v:IsA("Accessory") then
		local topacc = false
		if v.Handle:FindFirstChildOfClass("Weld") then v.Handle:FindFirstChildOfClass("Weld"):Destroy() end
		v.Handle.Massless = true
		v.Handle.CanCollide = false
		if v.Handle:FindFirstChildOfClass("Attachment") then
			local ath__ = v.Handle:FindFirstChildOfClass("Attachment")
			if ath__.Name == "HatAttachment" or ath__.Name == "HairAttachment" or ath__.Name == "FaceFrontAttachment" or ath__.Name == "FaceCenterAttachment" then
				topacc = ath__.Name
			end
		end
		local bv = Instance.new("BodyVelocity",v.Handle)
		bv.Velocity = Vector3.new(0,0,0)
		coroutine.wrap(function()
			if topacc then
				local allthings = FESync(v.Handle,DeadChar.Torso,Vector3.new(0,1.5,0)+ (DeadChar.Head[topacc].Position + (v.Handle[topacc].Position*-1)),Vector3.new(0,0,0))
				local normaltop = allthings[1].Attachment1
				local alipos = allthings[1]
				local alirot = allthings[2]
				local p0 = v.Handle
				local p1 = DeadChar.Head
				alipos.Parent = CloneChar:FindFirstChild(v.Name).Handle
				alirot.Parent = CloneChar:FindFirstChild(v.Name).Handle
				while true do
					game:GetService("RunService").RenderStepped:wait()
					if HumanDied then break end
					coroutine.wrap(function()
						if alipos.Attachment1 == normaltop then
							p0.CFrame = p0.CFrame:lerp((((DeadChar.Torso.CFrame * CFrame.new(0,1.5,0)) * p1[topacc].CFrame) * p0[topacc].CFrame:inverse()),1)
						else
							v.Handle.CFrame = v.Handle.CFrame:lerp(alipos.Attachment1.Parent.CFrame * CFrame.new(alipos.Attachment1.Position) * CFrame.Angles(math.rad(alipos.Attachment1.Rotation.X),math.rad(alipos.Attachment1.Rotation.Y),math.rad(alipos.Attachment1.Rotation.Z)),1)
						end
					end)()
				end
			else
				FESync(v.Handle,CloneChar[v.Name].Handle,Vector3.new(0,0,0),Vector3.new(0,0,0))
			end
		end)()
	end
end

local a = DeadChar.Torso
local b = DeadChar.HumanoidRootPart
local c = DeadChar.Humanoid
a.Parent = game:FindFirstChildOfClass("Workspace")
c.Parent = game:FindFirstChildOfClass("Workspace")
local told = a:Clone()
local told1 = c:Clone()
b["RootJoint"].Part0 = told
b["RootJoint"].Part1 = DeadChar.Head
a.Name = "torso"
a.Neck:Destroy()
c.Name = "lol"
told.Parent = DeadChar
told1.Parent = DeadChar
DeadChar.PrimaryPart = told
told1.Health = 0
b:Destroy()
a.Parent = DeadChar
c.Parent = DeadChar
told:Destroy()
told1:Destroy()
a.Name = "Torso"

if CloneChar.Head:FindFirstChildOfClass("Decal") then CloneChar.Head:FindFirstChildOfClass("Decal").Transparency = 1 end
if DeadChar:FindFirstChild("Animate") then DeadChar:FindFirstChild("Animate"):Destroy() end

local Collider
function UnCollide()
	if HumanDied then Collider:Disconnect(); return end
    --[[for _,Parts in next, CloneChar:GetChildren() do
        if Parts:IsA("BasePart") then
            Parts.CanCollide = false 
        end 
    end]]
	for _,Parts in next, DeadChar:GetChildren() do
		if Parts:IsA("BasePart") then
			Parts.CanCollide = false
		end 
	end 
end
Collider = game:GetService("RunService").Stepped:Connect(UnCollide)

local resetBindable = Instance.new("BindableEvent")
resetBindable.Event:connect(function()
	game:GetService("StarterGui"):SetCore("ResetButtonCallback", true)
	resetBindable:Destroy()
	HumanDied = true
	pcall(function()
		game:FindFirstChildOfClass("Players").LocalPlayer.Character = DeadChar
		DeadChar.Head:Destroy()
		DeadChar:FindFirstChildOfClass("Humanoid"):Destroy()
		game:FindFirstChildOfClass("Players").LocalPlayer.Character = CloneChar
		if DeadChar:FindFirstChildOfClass("Folder") then DeadChar:FindFirstChildOfClass("Folder"):Destroy() end
	end)
end)
game:GetService("StarterGui"):SetCore("ResetButtonCallback", resetBindable)

coroutine.wrap(function()
	while true do
		game:GetService("RunService").RenderStepped:wait()
		if not CloneChar or not CloneChar:FindFirstChild("Head") or not CloneChar:FindFirstChildOfClass("Humanoid") or CloneChar:FindFirstChildOfClass("Humanoid").Health <= 0 and not DeadChar or not DeadChar:FindFirstChild("Head") or not DeadChar:FindFirstChildOfClass("Humanoid") or DeadChar:FindFirstChildOfClass("Humanoid").Health <= 0 then 
			HumanDied = true
			pcall(function()
				game:FindFirstChildOfClass("Players").LocalPlayer.Character = DeadChar
				DeadChar.Head:Destroy()
				DeadChar:FindFirstChildOfClass("Humanoid"):Destroy()
				game:FindFirstChildOfClass("Players").LocalPlayer.Character = CloneChar
				if DeadChar:FindFirstChildOfClass("Folder") then DeadChar:FindFirstChildOfClass("Folder"):Destroy() end
			end)
			if resetBindable then
				game:GetService("StarterGui"):SetCore("ResetButtonCallback", true)
				resetBindable:Destroy()
			end
			break
		end		
	end
end)()


FESync(DeadChar["Head"],CloneChar["Head"])
FESync(DeadChar["Torso"],CloneChar["Torso"])
FESync(DeadChar["Left Arm"],CloneChar["Left Arm"])
FESync(DeadChar["Right Arm"],CloneChar["Right Arm"])
FESync(DeadChar["Left Leg"],CloneChar["Left Leg"])
FESync(DeadChar["Right Leg"],CloneChar["Right Leg"])

for _,v in pairs(DeadChar:GetChildren()) do
	if v:IsA("BasePart") and v.Name ~= "Head" then
		--[[local bv = Instance.new("BodyVelocity",v)
		bv.Velocity = Vector3.new(0,0,0)
		coroutine.wrap(function()
			while true do
				game:GetService("RunService").RenderStepped:wait()
				if HumanDied then break end
				v.CFrame = CloneChar[v.Name].CFrame
			end
		end)()]]
	elseif v:IsA("BasePart") and v.Name == "Head" then
		local bv = Instance.new("BodyVelocity",v)
		bv.Velocity = Vector3.new(0,0,0)
		coroutine.wrap(function()
			while true do
				game:GetService("RunService").RenderStepped:wait()
				if HumanDied then break end
				v.CFrame = DeadChar.Torso.CFrame * CFrame.new(0,1.5,0)
			end
		end)()
	end
end

for _,BodyParts in next, CloneChar:GetDescendants() do
	if BodyParts:IsA("BasePart") or BodyParts:IsA("Part") then
		BodyParts.Transparency = 1 end end
game:GetService("RunService").RenderStepped:wait()
game:FindFirstChildOfClass("Players").LocalPlayer.Character = CloneChar
game:FindFirstChildOfClass("Workspace"):FindFirstChildOfClass("Camera").CameraSubject = CloneChar.Humanoid

for _,v in next, DeadChar:GetChildren() do
	if v:IsA("Accessory") then
		if v.Handle:FindFirstChildOfClass("Weld") then v.Handle:FindFirstChildOfClass("Weld"):Destroy() end
	end
end
game:GetService('RunService').Stepped:connect(function()
	game.Players.LocalPlayer.Character.Head.CanCollide = false
	game.Players.LocalPlayer.Character.Torso.CanCollide = false
	game.Players.LocalPlayer.Character.HumanoidRootPart.CanCollide = false
end)







ArtificialHB = Instance.new('BindableEvent', script)
ArtificialHB.Name = 'Heartbeat'
script:WaitForChild('Heartbeat')
frame = 1 / 60
tf = 0
allowframeloss = false
tossremainder = false
lastframe = tick()
script.Heartbeat:Fire()

game:GetService('RunService').Heartbeat:connect(function(s, p)
	tf = tf + s
	if tf >= frame then
		if allowframeloss then
			script.Heartbeat:Fire()
			lastframe = tick()
		else
			for i = 1, math.floor(tf / frame) do
				script.Heartbeat:Fire()
			end
			lastframe = tick()
		end
		if tossremainder then
			tf = 0
		else
			tf = tf - frame * math.floor(tf / frame)
		end
	end
end)

function swait(t)
	if t == 0 or t == nil then
		script.Heartbeat.Event:Wait()
	else
		for i = 0, t do
			script.Heartbeat.Event:Wait()
		end
	end
end

local TweenService = game:GetService("TweenService")
local CF = CFrame.new
local CFA = CFrame.Angles
local head = CloneChar:WaitForChild("Head")
local tors = CloneChar:WaitForChild("Torso")
local huma = CloneChar:WaitForChild("Humanoid")
huma.DisplayName = " "
local neck = tors.Neck

neck.C0 = CF(0,1.5,0)
local nek = neck.C1
neck.Enabled = true
local root = CloneChar.HumanoidRootPart.RootJoint.C0
local rs = tors["Right Shoulder"].C0
local ls = tors["Left Shoulder"].C0
local rh = tors["Right Hip"].C0
local lh = tors["Left Hip"].C0
local RootPart = CloneChar:WaitForChild("HumanoidRootPart")
local Humanoid = CloneChar.Humanoid
local ActiveTracks = Humanoid:GetPlayingAnimationTracks()

local MakeTween = function(timetack,easingstyle,easingdirection,repeats,flipflop)
	local newtween = TweenInfo.new(
		timetack, 
		easingstyle, 
		easingdirection, 
		repeats, 
		flipflop, 
		0 
	)
	return newtween
end
local DOTWEEN = function(Part,tim,value)
if value ~= CFrame.new(0,0,0) then
local Tween = MakeTween(tim,Enum.EasingStyle.Circular,Enum.EasingDirection.InOut,0,false)
	TweenService:Create(Part,Tween,{C0= value}):Play()
end
end
local LerpStyle = function(lerpmagnet,easingstyle,easingdirection)
	local newstyle = TweenService:GetValue(lerpmagnet,easingstyle,easingdirection)
	return newstyle
end


local TableFrameVal = {{-0.016666667535901, CFrame.new(-0.30701890587807, 0, -0.35582804679871, 0.99544703960419, 0, 0.09531607478857, 0, 1, 0, -0.09531607478857, 0, 0.99544703960419), CFrame.new(3.712912644005e-08, -0.007419228553772, -0.014551818370819, 1, 6.7141755266675e-08, -8.9052578644555e-09, 1.5344133075246e-08, 1, 1.564621925354e-07, -1.2916990144163e-08, -2.6822087306755e-07, 1), CFrame.new(-3.7129140650904e-08, -0.0074195861816406, -0.014551997184753, 1, 3.9981053134852e-08, 1.3649069785515e-07, 2.1431418417706e-08, 1, -1.11758694743e-07, -1.5447801615665e-07, 4.470349068697e-08, 1), CFrame.new(0.69956398010254, 0.082751750946045, 0.048930406570435, 0.92188519239426, 0.38400956988335, -0.051618400961161, -0.38741984963417, 0.91157001256943, -0.13764503598213, -0.0058031734079123, 0.14689087867737, 0.98913568258286), CFrame.new(-0.3780574798584, 0.49063330888748, 0.096159934997559, 0.81622779369354, -0.3289048075676, 0.47496694326401, 0.13876025378704, 0.90966922044754, 0.39146834611893, -0.56081879138947, -0.25362083315849, 0.78813630342484), CFrame.new(8.9406967163086e-08, 0, 0.018294215202332, 0.96029102802277, -0.19815699756145, 0.19640515744686, 0.20209319889545, 0.97936630249023, 2.4125149877818e-08, -0.1923525929451, 0.039692126214504, 0.98052287101746)}, {-0.016666667535901, CFrame.new(-0.26520270109177, 0, -0.22035837173462, 0.99659991264343, 0, 0.082393176853657, 0, 1, 0, -0.082393176853657, 0, 0.99659991264343), CFrame.new(3.712912644005e-08, -0.0074193477630615, -0.014551818370819, 1, 6.516707173887e-08, -8.9052401008871e-09, 1.7318825484836e-08, 1, 1.4156103134155e-07, -1.2917007019553e-08, -2.3096797008293e-07, 1), CFrame.new(-3.7129140650904e-08, -0.0074194669723511, -0.014551877975464, 1, 3.8837754345877e-08, 1.3649069785515e-07, 2.257471720668e-08, 1, -1.415610171307e-07, -1.5447800194579e-07, 7.4505814851022e-09, 1), CFrame.new(0.52932840585709, 0.042973399162292, 0.044426202774048, 0.9491605758667, 0.30388662219048, -0.082141287624836, -0.31066319346428, 0.94638419151306, -0.088574796915054, 0.050820574164391, 0.10958990454674, 0.99267691373825), CFrame.new(-0.28266260027885, 0.35474252700806, 0.087100982666016, 0.856021463871, -0.26904556155205, 0.44140884280205, 0.1189007461071, 0.93346774578094, 0.33837959170341, -0.50308042764664, -0.23717632889748, 0.83105808496475), CFrame.new(1.3411045074463e-07, 0, 0.018294095993042, 0.97395277023315, -0.12436949461699, 0.18960045278072, 0.12666703760624, 0.99194532632828, 5.4204473798336e-08, -0.18807324767113, 0.024016071110964, 0.98186141252518)}, {-0.016666665673256, CFrame.new(-0.19970412552357, 0, -0.10985732078552, 0.99806988239288, 0, 0.062100917100906, 0, 1, 0, -0.062100917100906, 0, 0.99806988239288), CFrame.new(3.712912644005e-08, -0.0074199736118317, -0.014551877975464, 1, 6.2078711948743e-08, -8.9052578644555e-09, 2.0407174616821e-08, 1, 2.0861625671387e-07, -1.2917006131374e-08, -2.6449558276909e-07, 1), CFrame.new(-3.7129140650904e-08, -0.0074197947978973, -0.014551997184753, 1, 3.7049677104051e-08, 1.3649071206601e-07, 2.436279267215e-08, 1, -1.7508864402771e-07, -1.544780303675e-07, 1.0058285226933e-07, 1), CFrame.new(0.31920033693314, 0.03568172454834, 0.034642338752747, 0.97079789638519, 0.20601959526539, -0.12291189283133, -0.20989787578583, 0.97753196954727, -0.019344370812178, 0.11616502702236, 0.044578440487385, 0.99222904443741), CFrame.new(-0.16620574891567, 0.2308155298233, 0.058280229568481, 0.8950651884079, -0.19602131843567, 0.40054222941399, 0.089297860860825, 0.95880091190338, 0.26967936754227, -0.43690320849419, -0.20561297237873, 0.87569344043732), CFrame.new(1.6391277313232e-07, 0, 0.018293976783752, 0.98537445068359, -0.062975533306599, 0.1583396345377, 0.063780143857002, 0.99796396493912, -6.002047570064e-08, -0.15801724791527, 0.010098984465003, 0.98738473653793)}, {-0.016666669398546, CFrame.new(-0.11639618873596, 0, -0.034497499465942, 0.99934381246567, 0, 0.036223795264959, 0, 1, 0, -0.036223795264959, 0, 0.99934381246567), CFrame.new(3.712912644005e-08, -0.0074198246002197, -0.014551758766174, 1, 5.8156835791578e-08, -8.9052560880987e-09, 2.432905965577e-08, 1, 1.5273688802608e-07, -1.2917001690482e-08, -2.4214384097831e-07, 1), CFrame.new(-3.7129140650904e-08, -0.007419615983963, -0.014551997184753, 1, 3.4779013446951e-08, 1.3649069785515e-07, 2.6633466987391e-08, 1, -1.2293456563839e-07, -1.544780303675e-07, 4.4703494239684e-08, 1), CFrame.new(0.039784867316484, 0.053536117076874, 0.00015699863433838, 0.98268520832062, 0.073625616729259, -0.17002688348293, -0.063604064285755, 0.99594271183014, 0.063661456108093, 0.17402422428131, -0.05174483731389, 0.98338097333908), CFrame.new(-0.025784455239773, 0.12793338298798, 0.014671444892883, 0.92905968427658, -0.10864867269993, 0.35361498594284, 0.043127458542585, 0.98119056224823, 0.18816240131855, -0.36740732192993, -0.15956357121468, 0.91627037525177), CFrame.new(8.1956386566162e-08, 0, 0.018294095993042, 0.99479216337204, -0.020095180720091, 0.099924266338348, 0.020196260884404, 0.99979603290558, -8.553669772482e-09, -0.099903896450996, 0.0020181052386761, 0.9949951171875)}, {-0.016666665673256, CFrame.new(-0.022720370441675, 0, -0.0012722015380859, 0.99997508525848, 0, 0.0070735458284616, 0, 1, 0, -0.0070735458284616, 0, 0.99997508525848), CFrame.new(3.712912644005e-08, -0.0074193179607391, -0.01455169916153, 1, 5.3751705308969e-08, -8.9052534235634e-09, 2.8734186585666e-08, 1, 9.4994888399924e-08, -1.2917004355018e-08, -1.8486750263946e-07, 1), CFrame.new(-3.7129140650904e-08, -0.0074194967746735, -0.014551997184753, 1, 3.2228552271363e-08, 1.3649071206601e-07, 2.9183929939336e-08, 1, -1.2572854757309e-07, -1.544780303675e-07, 3.7718574930068e-08, 1), CFrame.new(-0.13023892045021, 0.10166203975677, -0.039869785308838, 0.97543603181839, 7.4473588028923e-05, -0.22028283774853, 0.034664612263441, 0.98748874664307, 0.15383261442184, 0.21753834187984, -0.15768997371197, 0.96322947740555), CFrame.new(0.15235106647015, 0.053710877895355, -0.038303315639496, 0.95325726270676, -7.6312913734e-05, 0.30215987563133, -0.030981954187155, 0.9947047829628, 0.097993344068527, -0.3005673289299, -0.10277432203293, 0.94820719957352), CFrame.new(8.847564458847e-08, 0, 0.01829469203949, 0.99979454278946, -0.00074803800089285, 0.020259885117412, 0.00074819230940193, 0.99999976158142, -4.2381341103237e-08, -0.020259877666831, 1.5200659618131e-05, 0.99979484081268)}, {-0.016666665673256, CFrame.new(0.072978086769581, 0, -0.013279676437378, 0.99974203109741, 0, -0.02271737344563, 0, 1, 0, 0.02271737344563, 0, 0.99974203109741), CFrame.new(3.712912644005e-08, -0.0074192583560944, -0.01455169916153, 1, 4.9252481204576e-08, -8.9052241136756e-09, 3.3233401808275e-08, 1, 1.3411045074463e-07, -1.2916984815092e-08, -2.2538003463524e-07, 1), CFrame.new(-3.7129140650904e-08, -0.0074193775653839, -0.014551877975464, 1, 2.9623617336938e-08, 1.3649069785515e-07, 3.1788857768333e-08, 1, -7.4505805969238e-08, -1.5447801615665e-07, 7.2643167925435e-08, 1), CFrame.new(-0.16134142875671, 0.15645503997803, -0.063820362091064, 0.96259379386902, 7.3109571530949e-05, -0.27094903588295, 0.068753436207771, 0.96720379590988, 0.24451959133148, 0.26208093762398, -0.25400173664093, 0.93101924657822), CFrame.new(0.074664875864983, 0.0061073303222656, -0.011189877986908, 0.96837276220322, -0.026321139186621, 0.24811571836472, 0.025988060981035, 0.99965161085129, 0.0046180114150047, -0.24815090000629, 0.001976050902158, 0.96871942281723), CFrame.new(8.9406967163086e-08, 0, 0.018294215202332, 0.99790853261948, -0.0077800876460969, -0.064173132181168, 0.0077961576171219, 0.99996960163116, -6.116318118643e-09, 0.064171187579632, -0.00050029763951898, 0.99793881177902)}, {-0.016666665673256, CFrame.new(0.16217848658562, 0, -0.069398880004883, 0.99872648715973, 0, -0.050452563911676, 0, 1, 0, 0.050452563911676, 0, 0.99872648715973), CFrame.new(3.712912644005e-08, -0.0074197351932526, -0.014551639556885, 1, 4.5055763564505e-08, -8.9052383245303e-09, 3.7430123001059e-08, 1, 1.5646217832455e-07, -1.2917013236802e-08, -2.7567145366447e-07, 1), CFrame.new(-3.7129140650904e-08, -0.0074194669723511, -0.014551877975464, 1, 2.7193827634164e-08, 1.3649069785515e-07, 3.4218658129248e-08, 1, -1.2293456563839e-07, -1.5447801615665e-07, 0, 1), CFrame.new(-0.13619981706142, 0.21479457616806, -0.07701587677002, 0.94707560539246, 0.02918029949069, -0.31968161463737, 0.082282856106758, 0.94052201509476, 0.32961803674698, 0.3102859556675, -0.3384775519371, 0.88834434747696), CFrame.new(-0.18196533620358, -0.025842070579529, 0.040638089179993, 0.96989917755127, -0.14732854068279, 0.19388134777546, 0.16635721921921, 0.98233038187027, -0.085745446383953, -0.17782281339169, 0.11541803181171, 0.97727060317993), CFrame.new(7.4505805969238e-08, 0, 0.018294215202332, 0.99016267061234, -0.040096431970596, -0.13405318558216, 0.040461622178555, 0.99918109178543, -6.488362203072e-08, 0.13394340872765, -0.0054239453747869, 0.99097418785095)}, {-0.016666673123837, CFrame.new(0.23692470788956, 0, -0.16440796852112, 0.99728494882584, 0, -0.073639363050461, 0, 1, 0, 0.073639363050461, 0, 0.99728494882584), CFrame.new(3.712912644005e-08, -0.0074194371700287, -0.01455169916153, 1, 4.153409349783e-08, -8.9052409890655e-09, 4.0951793067734e-08, 1, 1.1920928955078e-07, -1.2916999025947e-08, -2.5331968345199e-07, 1), CFrame.new(-3.7129140650904e-08, -0.0074194073677063, -0.014551877975464, 1, 2.5154868410482e-08, 1.3649069785515e-07, 3.6257617352931e-08, 1, -9.6857533549155e-08, -1.5447801615665e-07, 8.1956393671589e-08, 1), CFrame.new(0.10652599483728, 0.33568459749222, -0.027343392372131, 0.91517919301987, 0.17199863493443, -0.36450451612473, -0.010896379128098, 0.91459965705872, 0.40421384572983, 0.40290001034737, -0.36595624685287, 0.83889669179916), CFrame.new(-0.39248594641685, -0.037300109863281, 0.061753392219543, 0.95909279584885, -0.24469067156315, 0.14236478507519, 0.26691782474518, 0.9491776227951, -0.16678330302238, -0.094319209456444, 0.19796040654182, 0.97566169500351), CFrame.new(8.9406967163086e-08, 0, 0.018294095993042, 0.97954857349396, -0.093446597456932, -0.17819246649742, 0.09496646374464, 0.99548047780991, -5.2906898417859e-08, 0.1773871332407, -0.016922252252698, 0.98399573564529)}, {-0.016666665673256, CFrame.new(0.29052704572678, 0, -0.28952407836914, 0.99592161178589, 0, -0.0902229398489, 0, 1, 0, 0.0902229398489, 0, 0.99592161178589), CFrame.new(3.712912644005e-08, -0.0074194073677063, -0.014551639556885, 1, 3.9004532936815e-08, -8.905225001854e-09, 4.3481353628749e-08, 1, 1.6391277313232e-07, -1.2916995473233e-08, -2.8312206268311e-07, 1), CFrame.new(-3.7129140650904e-08, -0.0074195563793182, -0.014551937580109, 1, 2.3690304828961e-08, 1.3649069785515e-07, 3.7722166723597e-08, 1, -1.3411043653377e-07, -1.544780303675e-07, 5.9604651880818e-08, 1), CFrame.new(0.24380561709404, 0.46403378248215, -0.017634510993958, 0.87791907787323, 0.25732800364494, -0.40378281474113, -0.045311164110899, 0.88417172431946, 0.46495950222015, 0.47666054964066, -0.38990098237991, 0.78789097070694), CFrame.new(-0.57973122596741, -0.020423769950867, 0.071142911911011, 0.93845641613007, -0.33146852254868, 0.097100041806698, 0.34521669149399, 0.90924543142319, -0.23259055614471, -0.011191351339221, 0.25179660320282, 0.96771550178528), CFrame.new(1.4901161193848e-07, 0, 0.018294334411621, 0.9671146273613, -0.16222901642323, -0.19588521122932, 0.16543394327164, 0.98622089624405, -5.0629537895475e-08, 0.19318605959415, -0.032406020909548, 0.98062688112259)}, {-0.016666665673256, CFrame.new(0.31816950440407, 0, -0.43329238891602, 0.99511164426804, 0, -0.098757378757, 0, 1, 0, 0.098757378757, 0, 0.99511164426804), CFrame.new(3.712912644005e-08, -0.0074196457862854, -0.014551758766174, 1, 3.76984026218e-08, -8.9052374363519e-09, 4.4787487496478e-08, 1, 1.7136333951839e-07, -1.2917018565872e-08, -2.2351738948601e-07, 1), CFrame.new(-3.7129140650904e-08, -0.0074193179607391, -0.014552056789398, 1, 2.2934090182503e-08, 1.3649069785515e-07, 3.8478390251839e-08, 1, -1.564621925354e-07, -1.5447801615665e-07, 8.1956407882444e-08, 1), CFrame.new(0.35047668218613, 0.59774774312973, -0.028734385967255, 0.83943855762482, 0.32424604892731, -0.43612769246101, -0.066308714449406, 0.8576232790947, 0.50998568534851, 0.53939419984818, -0.39918264746666, 0.74142253398895), CFrame.new(-0.7354850769043, 0.028818607330322, 0.081159591674805, 0.91239148378372, -0.40451690554619, 0.062512651085854, 0.40520551800728, 0.87103116512299, -0.27769273519516, 0.057880897074938, 0.27869501709938, 0.95863389968872), CFrame.new(5.9604644775391e-08, 0, 0.0182945728302, 0.95166313648224, -0.23962236940861, -0.19214175641537, 0.24417191743851, 0.96973198652267, -1.0134854733224e-07, 0.18632604181767, -0.046915527433157, 0.9813671708107)}, {-0.016666665673256, CFrame.new(0.31736096739769, 0, -0.58270597457886, 0.99513626098633, 0, -0.098507918417454, 0, 1, 0, 0.098507918417454, 0, 0.99513626098633), CFrame.new(3.712912644005e-08, -0.00741907954216, -0.014551758766174, 1, 3.773662626827e-08, -8.9052409890655e-09, 4.4749260297294e-08, 1, 1.6391277313232e-07, -1.2917017677694e-08, -2.6077029247062e-07, 1), CFrame.new(-3.7129140650904e-08, -0.0074192583560944, -0.014552116394043, 1, 2.2956220036008e-08, 1.3649071206601e-07, 3.845625684562e-08, 1, -1.6391277313232e-07, -1.5447801615665e-07, 2.2351747119842e-08, 1), CFrame.new(0.43375420570374, 0.72718060016632, -0.056863963603973, 0.80421942472458, 0.37611478567123, -0.46018350124359, -0.084141850471497, 0.83853965997696, 0.53830415010452, 0.58834636211395, -0.39419397711754, 0.70601689815521), CFrame.new(-0.84971326589584, 0.11196213960648, 0.10258865356445, 0.88675540685654, -0.46010172367096, 0.044400557875633, 0.45151394605637, 0.84160333871841, -0.29637667536736, 0.098995722830296, 0.28286105394363, 0.95403850078583), CFrame.new(8.9406967163086e-08, 0, 0.018294215202332, 0.93229728937149, -0.3175705075264, -0.17312116920948, 0.32243910431862, 0.94659030437469, -1.0660525617823e-07, 0.16387487947941, -0.055820949375629, 0.98490059375763)}, {-0.016666665673256, CFrame.new(0.28817445039749, 0, -0.72442269325256, 0.99598717689514, 0, -0.0894960090518, 0, 1, 0, 0.0894960090518, 0, 0.99598717689514), CFrame.new(3.712912644005e-08, -0.0074194073677063, -0.014551639556885, 1, 3.9115636951692e-08, -8.905225001854e-09, 4.3370253166586e-08, 1, 1.4156103134155e-07, -1.2917007907731e-08, -2.7567145366447e-07, 1), CFrame.new(-3.7129140650904e-08, -0.0074195265769958, -0.014552175998688, 1, 2.3754639144613e-08, 1.3649069785515e-07, 3.7657841289729e-08, 1, -1.7881393432617e-07, -1.5447801615665e-07, 5.9604658986245e-08, 1), CFrame.new(0.49656489491463, 0.84296321868896, -0.094192981719971, 0.77703982591629, 0.41390907764435, -0.47422397136688, -0.1067708954215, 0.82914638519287, 0.54874062538147, 0.62032985687256, -0.3757601082325, 0.68847316503525), CFrame.new(-0.91138452291489, 0.23053723573685, 0.14092969894409, 0.86771214008331, -0.494494587183, 0.050506256520748, 0.4874342083931, 0.8265854716301, -0.28136160969734, 0.09738402813673, 0.2687594294548, 0.95827180147171), CFrame.new(1.1920928955078e-07, 0, 0.018294334411621, 0.91026145219803, -0.38816311955452, -0.14406132698059, 0.39225482940674, 0.91985672712326, -7.9142367326313e-08, 0.13251577317715, -0.056508671492338, 0.98956882953644)}, {-0.016666665673256, CFrame.new(0.23323975503445, 0, -0.84595680236816, 0.99736857414246, 0, -0.072497799992561, 0, 1, 0, 0.072497799992561, 0, 0.99736857414246), CFrame.new(3.712912644005e-08, -0.0074192583560944, -0.014551758766174, 1, 4.1707860276574e-08, -8.9052232254971e-09, 4.077802628899e-08, 1, 1.7136335372925e-07, -1.2917002578661e-08, -2.3096799850464e-07, 1), CFrame.new(-3.7129140650904e-08, -0.007419228553772, -0.014552056789398, 1, 2.5255470603724e-08, 1.3649071206601e-07, 3.6157008054261e-08, 1, -1.4156103134155e-07, -1.5447801615665e-07, 7.4505814851022e-09, 1), CFrame.new(0.54154765605927, 0.93663918972015, -0.12753784656525, 0.76290261745453, 0.43810272216797, -0.47544261813164, -0.1415004581213, 0.83071321249008, 0.5384173989296, 0.63083857297897, -0.34348475933075, 0.69574499130249), CFrame.new(-0.90899521112442, 0.38777935504913, 0.18929195404053, 0.85888367891312, -0.50416779518127, 0.0901879966259, 0.51080024242401, 0.83032649755478, -0.22280263900757, 0.037444397807121, 0.2374295592308, 0.97068279981613), CFrame.new(-4.4703483581543e-08, 0, 0.018293857574463, 0.88869190216064, -0.44540733098984, -0.10880721360445, 0.44806754589081, 0.89399975538254, -5.5316746738754e-08, 0.097273617982864, -0.048752922564745, 0.99406290054321)}, {-0.016666665673256, CFrame.new(0.15749153494835, 0, -0.93673419952393, 0.99879896640778, 0, -0.048996701836586, 0, 1, 0, 0.048996701836586, 0, 0.99879896640778), CFrame.new(3.712912644005e-08, -0.0074194371700287, -0.014551758766174, 1, 4.5276408400241e-08, -8.9052383245303e-09, 3.7209488823464e-08, 1, 1.6391275892147e-07, -1.2916998137769e-08, -2.2724267978447e-07, 1), CFrame.new(-3.7129140650904e-08, -0.0074195861816406, -0.014551937580109, 1, 2.7321572559913e-08, 1.3649069785515e-07, 3.4090909650786e-08, 1, -7.8231089162273e-08, -1.5447801615665e-07, 1.1175872671743e-08, 1), CFrame.new(0.57378703355789, 0.99889254570007, -0.1380752325058, 0.76624864339828, 0.44976624846458, -0.45888265967369, -0.19494254887104, 0.8432297706604, 0.50096011161804, 0.61225855350494, -0.29440426826477, 0.73380225896835), CFrame.new(-0.83833009004593, 0.58177375793457, 0.21862149238586, 0.85583180189133, -0.48862206935883, 0.16970680654049, 0.50934362411499, 0.85325437784195, -0.11191993206739, -0.090116553008556, 0.18222367763519, 0.97911882400513), CFrame.new(4.4703483581543e-08, 0, 0.018294453620911, 0.87121033668518, -0.4858974814415, -0.069973319768906, 0.48709136247635, 0.87335109710693, -6.0848783789424e-09, 0.061111286282539, -0.034083407372236, 0.99754893779755)}, {-0.016666665673256, CFrame.new(0.067708007991314, 0, -0.98894000053406, 0.99977785348892, 0, -0.021077325567603, 0, 1, 0, 0.021077325567603, 0, 0.99977785348892), CFrame.new(3.712912644005e-08, -0.0074193477630615, -0.014551758766174, 1, 4.9500307852668e-08, -8.9052383245303e-09, 3.2985585818324e-08, 1, 1.7136333951839e-07, -1.2917005243196e-08, -2.6263293761986e-07, 1), CFrame.new(-3.7129140650904e-08, -0.0074195265769958, -0.014551997184753, 1, 2.9767107889711e-08, 1.3649071206601e-07, 3.1645377873701e-08, 1, -1.7136333951839e-07, -1.5447801615665e-07, 4.8428780985432e-08, 1), CFrame.new(0.60608863830566, 1.0143793821335, -0.10459244251251, 0.78796869516373, 0.45316582918167, -0.41682854294777, -0.27107042074203, 0.86316710710526, 0.42598521709442, 0.5528347492218, -0.22267313301563, 0.80298852920532), CFrame.new(-0.72568422555923, 0.780896961689, 0.18763017654419, 0.84333229064941, -0.45912924408913, 0.27926859259605, 0.46656784415245, 0.88341808319092, 0.043439812958241, -0.26665550470352, 0.093663521111012, 0.95922988653183), CFrame.new(8.9406967163086e-08, 0, 0.01829469203949, 0.86071318387985, -0.50824761390686, -0.029279738664627, 0.5084655880928, 0.86108231544495, -3.2148854245406e-08, 0.025212287902832, -0.014887710101902, 0.99957132339478)}, {-0.016666680574417, CFrame.new(-0.028104264289141, 0, -0.99811267852783, 0.99996173381805, 0, 0.0087496619671583, 0, 1, 0, -0.0087496619671583, 0, 0.99996173381805), CFrame.new(3.712912644005e-08, -0.007419228553772, -0.014551758766174, 1, 5.4004814842301e-08, -8.905252535385e-09, 2.8481075275977e-08, 1, 1.7881390590446e-07, -1.2917009684088e-08, -2.6822087306755e-07, 1), CFrame.new(-3.7129140650904e-08, -0.0074193179607391, -0.014551997184753, 1, 3.2375108816041e-08, 1.3649071206601e-07, 2.9037380500085e-08, 1, -1.4994292030224e-07, -1.5447801615665e-07, 6.2398626710092e-08, 1), CFrame.new(0.66259092092514, 0.9575452208519, -0.021203994750977, 0.81978583335876, 0.45890390872955, -0.34257620573044, -0.36465552449226, 0.87956172227859, 0.30561038851738, 0.44156274199486, -0.1256128102541, 0.88839399814606), CFrame.new(-0.63216716051102, 0.91907155513763, 0.1035099029541, 0.81099343299866, -0.43918469548225, 0.38653153181076, 0.38895386457443, 0.89826232194901, 0.20454749464989, -0.43704098463058, -0.015543734654784, 0.89930731058121), CFrame.new(7.6368451118469e-08, 0, 0.018294453620911, 0.85883945226669, -0.5121021270752, 0.012096835300326, 0.51213961839676, 0.85890221595764, -3.0877703949272e-08, -0.010389980860054, 0.0061952928081155, 0.99992692470551)}, {-0.016666650772095, CFrame.new(-0.12141460925341, 0, -0.96346998214722, 0.99928593635559, 0, 0.037784229964018, 0, 1, 0, -0.037784229964018, 0, 0.99928593635559), CFrame.new(3.712912644005e-08, -0.0074193179607391, -0.014551758766174, 1, 5.8392934931817e-08, -8.9052543117418e-09, 2.4092948081034e-08, 1, 1.6391275892147e-07, -1.2917002578661e-08, -2.533197118737e-07, 1), CFrame.new(-3.7129140650904e-08, -0.0074191689491272, -0.014551997184753, 1, 3.4915707658456e-08, 1.364906836443e-07, 2.6496769223172e-08, 1, -1.3038513202446e-07, -1.5447801615665e-07, 8.5681683970051e-08, 1), CFrame.new(0.75730377435684, 0.81239026784897, 0.072400808334351, 0.8447732925415, 0.47669562697411, -0.24314479529858, -0.45197016000748, 0.87886023521423, 0.15273441374302, 0.28649806976318, -0.019131731241941, 0.95788985490799), CFrame.new(-0.58754348754883, 0.96253389120102, 0.033282518386841, 0.77182239294052, -0.4365009367466, 0.46233874559402, 0.30814838409424, 0.89282041788101, 0.32850608229637, -0.55617874860764, -0.11107944697142, 0.82360595464706), CFrame.new(1.0430812835693e-07, 0, 0.018294095993042, 0.86587113142014, -0.49743062257767, 0.053197842091322, 0.49813598394394, 0.86709892749786, -2.9848962412871e-08, -0.046127784997225, 0.026499789208174, 0.99858397245407)}, {-0.016666680574417, CFrame.new(-0.20390936732292, 0, -0.88796758651733, 0.99798786640167, 0, 0.063405357301235, 0, 1, 0, -0.063405357301235, 0, 0.99798786640167), CFrame.new(3.712912644005e-08, -0.0074198544025421, -0.014551877975464, 1, 6.2276853896037e-08, -8.9052560880987e-09, 2.0209045104025e-08, 1, 1.2665987014771e-07, -1.2916999025947e-08, -2.4586915969849e-07, 1), CFrame.new(-3.7129140650904e-08, -0.0074197947978973, -0.014551877975464, 1, 3.7164408439594e-08, 1.3649071206601e-07, 2.4248080876532e-08, 1, -1.564621925354e-07, -1.5447801615665e-07, 7.4505820180093e-08, 1), CFrame.new(0.85678827762604, 0.61339455842972, 0.11702871322632, 0.85501718521118, 0.49770033359528, -0.14573974907398, -0.50215375423431, 0.86474919319153, 0.0071078389883041, 0.12956596910954, 0.067106410861015, 0.98929750919342), CFrame.new(-0.56711184978485, 0.93215250968933, 0.01262891292572, 0.74580430984497, -0.43689829111099, 0.5028874874115, 0.24469858407974, 0.8817954659462, 0.40318667888641, -0.61959552764893, -0.17764253914356, 0.76455515623093), CFrame.new(1.9371509552002e-07, 0, 0.018293738365173, 0.88073289394379, -0.46439769864082, 0.09297526627779, 0.46641802787781, 0.88456445932388, 3.0901880165857e-08, -0.082242615520954, 0.043365307152271, 0.99566847085953)}, {-0.016666650772095, CFrame.new(-0.26821845769882, 0, -0.77808332443237, 0.99652242660522, 0, 0.083326064050198, 0, 1, 0, -0.083326064050198, 0, 0.99652242660522), CFrame.new(3.712912644005e-08, -0.0074194371700287, -0.014551758766174, 1, 6.530940055427e-08, -8.9052534235634e-09, 1.7176498445792e-08, 1, 1.2665985593685e-07, -1.2917001690482e-08, -2.7567145366447e-07, 1), CFrame.new(-3.7129140650904e-08, -0.0074195265769958, -0.014551997184753, 1, 3.8920177303226e-08, 1.3649071206601e-07, 2.2492313789257e-08, 1, -1.6391277313232e-07, -1.5447801615665e-07, 2.9802329493123e-08, 1), CFrame.new(0.90977162122726, 0.42111492156982, 0.10817527770996, 0.86076956987381, 0.50322997570038, -0.076389268040657, -0.50871562957764, 0.85552483797073, -0.096362553536892, 0.016860445961356, 0.12180633842945, 0.99241071939468), CFrame.new(-0.54372256994247, 0.8551150560379, 0.029206156730652, 0.74068784713745, -0.42852634191513, 0.51744240522385, 0.20120842754841, 0.87631285190582, 0.43771129846573, -0.6410123705864, -0.22009363770485, 0.73529732227325), CFrame.new(1.4901161193848e-07, 0, 0.018294334411621, 0.90102052688599, -0.41384580731392, 0.12997649610043, 0.41738638281822, 0.90872913599014, -4.2968753888317e-08, -0.11811338365078, 0.054250460118055, 0.99151718616486)}, {-0.016666680574417, CFrame.new(-0.30857408046722, 0, -0.64333200454712, 0.99540096521378, 0, 0.095796152949333, 0, 1, 0, -0.095796152949333, 0, 0.99540096521378), CFrame.new(3.712912644005e-08, -0.0074195861816406, -0.014551758766174, 1, 6.7215253807262e-08, -8.9052401008871e-09, 1.5270636311016e-08, 1, 2.2351741790771e-07, -1.2916983926914e-08, -2.8312206268311e-07, 1), CFrame.new(-3.7129140650904e-08, -0.007419228553772, -0.014551997184753, 1, 4.002361109201e-08, 1.3649071206601e-07, 2.1388865789618e-08, 1, -1.3411045074463e-07, -1.5447801615665e-07, 6.70